1 1 0
2 1 1
3 2 1
4 2 2
5 3 3
6 3 3
7 4 4
8 4 5
9 5 5
10 5 6
11 6 7
12 7 7
13 7 8
14 8 8
15 8 9
16 9 10
17 9 10
18 10 11
19 10 12
20 11 12
21 12 13
22 12 14
23 13 14
24 13 15
25 14 15
26 14 16
27 15 17
28 15 17
29 16 18
30 16 19
31 17 19
32 18 20
33 18 21
34 19 21
35 19 22
36 20 22
37 20 23
38 21 24
39 21 24
40 22 25
41 23 26
42 23 26
43 24 27
44 24 28
45 25 28
46 25 29
47 26 29
48 26 30
49 27 31
50 27 31
51 28 32
52 29 33
53 29 33
54 30 34
55 30 35
56 31 35
57 31 36
58 32 37
59 32 37
60 33 38
61 34 38
62 34 39
63 35 40
64 35 40
65 36 41
66 36 42
67 37 42
68 37 43
69 38 44
70 38 44
71 39 45
72 40 45
73 40 46
74 41 47
75 41 47
76 42 48
77 42 49
78 43 49
79 43 50
80 44 51
81 45 51
82 45 52
83 46 52
84 46 53
85 47 54
86 47 54
87 48 55
88 48 56
89 49 56
90 49 57
91 50 58
92 51 58
93 51 59
94 52 59
95 52 60
96 53 61
97 53 61
98 54 62
99 54 63
100 55 63
101 56 63
102 56 64
103 57 64
104 57 65
105 58 66
106 58 66
107 59 67
108 59 67
109 60 68
110 60 69
111 61 69
112 62 70
113 62 71
114 63 71
115 63 72
116 64 73
117 64 73
118 65 74
119 65 74
120 66 75
121 67 76
122 67 76
123 68 77
124 68 78
125 69 78
126 69 79
127 70 80
128 70 80
129 71 81
130 71 81
131 72 82
132 73 83
133 73 83
134 74 84
135 74 85
136 75 85
137 75 86
138 76 87
139 76 87
140 77 88
141 78 88
142 78 89
143 79 90
144 79 90
145 80 91
146 80 92
147 81 92
148 81 93
149 82 94
150 82 94
